0.04981044583800262 0.14161493715105666 0.09126484592781212 0.24243788550671527 0.9793923252463274 0.8889131018218721
0.02454365197136935 0.13692902052416095 0.04627856743439289 0.2155513050225288 0.9948903795714944 0.8979465047642313
0.025297131336018745 0.11898862048126353 0.051040986346893066 0.1927035968529009 0.9940601064447812 0.9053741027780722
0.026763290826431224 0.11360180836363548 0.051417516782301116 0.1606987935077652 0.9938641695672529 0.9390219415266671
0.048439245051168804 0.11486831607238733 0.09642105669978615 0.21028830749231417 0.9788243397486728 0.8864317728296037
0.034582402927912995 0.13343083984459828 0.06134392133977726 0.22253796545126053 0.9914594056376588 0.8707794263536146
0.035182063371061625 0.12261097644818666 0.062262007750182854 0.23232116133273956 0.990981506229816 0.8712022236637382
0.048793677451568776 0.1317489599463529 0.0842944749350926 0.22947929993393254 0.9829400511950481 0.8892745648704081
0.031854112304182926 0.12685891398087176 0.059837148475456514 0.2094402991191015 0.9912814387437473 0.9125117771835701
0.03135610725003195 0.13521755226090873 0.05611394798565252 0.2538296004587945 0.9927285949352695 0.8442054842593305
0.03185027572964808 0.14113474538837073 0.05299084527629486 0.22511372955187803 0.9933645074471311 0.8879091576670053
0.04798589105167532 0.11523560391448998 0.08338443533950123 0.15697223850658504 0.9848391313162946 0.9208210063968054
0.03271777850787801 0.12428883756034019 0.052610517707315466 0.2144703452991071 0.993263512480776 0.9060110708113249
0.028121003725671886 0.12744328743849648 0.05586195414836511 0.2138666235097694 0.99258226680858 0.9007295665553464
0.02765844079208298 0.11105514996684746 0.048015160792251654 0.15766482283298594 0.9946616434621073 0.9406033808135318
0.03046860519142535 0.1726003193992288 0.05550388911739869 0.29462817899891663 0.99234397854638 0.8378139611270099
0.033811797125664254 0.14570786144630526 0.056228140164652815 0.23384838286850523 0.9925413378371106 0.8785040136982433
0.04665432680654332 0.13890717121218327 0.08487372288715124 0.2735053144556256 0.9822402091129542 0.8563224711386632
0.026916835144183943 0.11352238133011551 0.05169310252839846 0.1580405227647598 0.9941305428976602 0.923384181189673
0.024804833972855184 0.12065468880808444 0.04502185075039175 0.1839001921476482 0.9953120126596274 0.9182381990084769
0.04633263954462201 0.12155879682136433 0.07817469406985568 0.1841940190177192 0.9854126213993266 0.9275942238994449
0.03296668414077924 0.10812926216681394 0.056415386107474964 0.1612628418636598 0.9927564881500728 0.932643856088852
0.036572231104843256 0.12063600595445428 0.06181389515833219 0.17582998427457203 0.9913292832343509 0.9196041414004776
0.028011828481622734 0.143787111669589 0.054377883660264005 0.23621967032288854 0.9926365904536318 0.8957538540316645
0.015971279604045836 0.12730908524320422 0.041060759189228815 0.20326866681435088 0.9961462682919396 0.8958282419893373
0.03386100452200456 0.15328132997303212 0.06302723914474663 0.2440532988177993 0.9908311348718932 0.8532957103356058
0.03542551396375354 0.11896680733596518 0.06388662453410977 0.17866181238099435 0.9908211113594371 0.912369718875369
0.027911486201266104 0.12244101442994408 0.05386210664510355 0.1795797097299592 0.9934981576745788 0.9110441544773642
0.020521924280220913 0.12242271791771585 0.0452908546972257 0.2179365163327405 0.9952342726726049 0.8883049911638286
0.04682396578967147 0.13621882970633553 0.07992272849309019 0.20738542024501366 0.9853802066582876 0.8918729286662118
0.04643405942612557 0.1409350395998657 0.09010486829169653 0.20963436542093739 0.980774957935516 0.9039431916804117
0.031896249537758 0.11367723425001967 0.05654121876059396 0.15713689828385485 0.9928408365443336 0.9312637642760626
0.049068075628970476 0.12077113588758412 0.07943491783902842 0.20390436224891262 0.9843828782109263 0.9212946932014152
0.037969623455745095 0.13768969438531808 0.06614197606045145 0.20213228728626106 0.989735738070835 0.9074906422753267
0.02570243433713238 0.12675444909773428 0.05156283981910699 0.18784646177120443 0.9936665361313269 0.9243890689722457
0.025309238972822178 0.11989781128341372 0.046973321006352244 0.19890076784374866 0.9948865567758719 0.9060218507678008
0.08111357660078088 0.16769747186047765 0.13382302474265878 0.28971392994833817 0.9583728375437771 0.8028468400505516
0.046310420117421355 0.14519363565973786 0.07518445869156797 0.23082300183650792 0.9865094564855619 0.8856053830491255
0.03230581109210095 0.11736025877253407 0.05683634817719303 0.17107219401322069 0.9925969611489014 0.9271479538563893
0.027823527882527035 0.12455850570583421 0.05219200581550101 0.23137893527636288 0.9937955898012826 0.8607589347348914
0.02721273252870041 0.12000788043426784 0.05729601825810192 0.19888989245783964 0.9924937900809417 0.8997394070764375
0.019151873866121966 0.13341082330575876 0.04220460429835496 0.20937087370648058 0.9957709345548974 0.9050621237884725
0.04889450242283734 0.11433463368997242 0.08361054335463673 0.16018392995951009 0.9841576922474959 0.9325282212625392
0.024570890652477893 0.1584483291742319 0.047605638414293716 0.29038437750535007 0.9946690108211332 0.8105908508256929
0.048977177646755445 0.12142420117404328 0.07442617309023224 0.18972929322239349 0.9871468835794525 0.9146702315746199
0.028217327461612155 0.14092291342809363 0.05311092915266359 0.23826719179744665 0.9934834418570209 0.8632250425493437
0.027871794991973217 0.1012725010538811 0.05057595371938244 0.1593784834212847 0.9941907043350624 0.9335553570148253
0.06049066248983611 0.11162114174645799 0.0961750543436545 0.19044992894783047 0.9788053230279602 0.9096602271161512
0.025294456979509133 0.13744108478942468 0.047474824525065296 0.2092304507204061 0.994748454547024 0.8970226001674961
0.02808856381965501 0.1323800132497694 0.05661789670394151 0.23229156669438095 0.9923004500277455 0.8878678654931774
