0.03260218980234 0.15603801523530966 0.07328051105934698 0.281022006048197 0.9980381760372034 0.9707693037338366
0.1018891627542052 0.20290201336265687 0.15659083319456985 0.28432598638659606 0.9912373277799046 0.9671168462188976
0.03985898396807193 0.1411140074352082 0.07543852019575076 0.22733334538634697 0.9978593678987393 0.9826559913132413
0.06614316330339652 0.18430513867433096 0.10777629126777488 0.29355639341106154 0.9957612763890059 0.9679113210071855
0.04117708923570932 0.12075604572442969 0.07281239591444212 0.19651675517646147 0.998071407294957 0.9854542593564967
0.052497328126135556 0.16599399233217313 0.09617907272809471 0.262959202941533 0.9965547974234135 0.9758867508530237
0.05583786700574959 0.14388685982315383 0.0991306140820907 0.22356447301817253 0.9963313400644398 0.9829540825280687
0.038570731845754005 0.15397029561862943 0.07394367943263429 0.253951169794136 0.9980063132177927 0.975279630781808
0.05614962170179202 0.146214376790051 0.09770272138024302 0.22336137613342458 0.9964961678932318 0.9816039322792843
0.027029498536934125 0.13536370994658584 0.052217832895316105 0.23099416843999848 0.9990078027578398 0.9794373269563631
0.059686107876547365 0.15268017772653728 0.10083244338349508 0.25596724738739585 0.9962686501532191 0.9761559725346785
0.060322909070991644 0.1604494074539984 0.10841091818248881 0.26509078054732055 0.9956821133446823 0.9742090036890619
0.0501317929279698 0.12090987253571635 0.08826413611323326 0.19244353092247288 0.997117441270378 0.986955448531941
0.03386376974102014 0.1770663275000427 0.06034257373835457 0.2786908615510667 0.9986747664637753 0.9707965077490921
0.05195464598982396 0.14783691307766295 0.08514495250078744 0.23986344751685837 0.9974127633097333 0.9762911494453542
0.054494630942086474 0.2051355506243191 0.09835660797264897 0.3590422103455888 0.9963543349731893 0.9574041736010124
0.08833044468246329 0.17033001688226998 0.13622375323715438 0.25240180937511114 0.9931593573952666 0.977011175315561
0.03670014022026641 0.1748479341752709 0.06505953005885622 0.32686956717312243 0.9984939944193 0.953786635199315
0.033082090403516805 0.12118765713607962 0.06872464905296166 0.2006265144574649 0.9982647421135752 0.9854190884440405
0.05333166176982312 0.1450810998370935 0.09227716141546304 0.227821863067714 0.9969216241000627 0.9799053941987046
0.02122750210874311 0.17109539457451348 0.04986696534497491 0.33964065819885186 0.9990726015291781 0.9605264326996557
0.06041558301508211 0.16251403623935912 0.10964444021460067 0.31555419671372653 0.9956003299879761 0.9630532534860969
0.05774806497295161 0.1447809574769195 0.09328477269038493 0.22482838292457696 0.996845583636494 0.9801996050887762
0.019253312804078722 0.13873902410222583 0.05150028390428471 0.23985308930633592 0.9990487021993526 0.9769882835099943
0.05891729673594774 0.16686198484744466 0.10550573064073743 0.2626768028874813 0.9958717145840138 0.9759067797959698
0.055284936243762905 0.1651013485458743 0.09792582554518643 0.25215491282851776 0.9964895500100881 0.9766200739827964
0.07494387139309883 0.16346070530890738 0.12762793331741548 0.29396189665071876 0.9939500027680018 0.9699009044208762
0.05581033503170398 0.16441133336983904 0.09154141408813757 0.2750978346502888 0.9968549239240319 0.9746853900248404
0.0289433360949088 0.15158038776572894 0.058469563514975426 0.24028599294742176 0.9987557511188523 0.978053762475409
0.04351400831783083 0.1504324800954237 0.08009490200184428 0.3047062106049233 0.997686096169974 0.9635324264734839
0.07090703176779588 0.16752272355104983 0.11587687317112559 0.2627072598087627 0.99500289166736 0.9760166376903995
0.06693043281266822 0.17094946938392513 0.11137452322559811 0.2713129790410105 0.9954712896190218 0.9722585836838792
0.028515988766319608 0.12484441810245557 0.0597367695313925 0.23220984395506813 0.9986397703080554 0.9828927197647248
0.02054545292049134 0.11674732983918579 0.050657672186176936 0.18900930210935538 0.9990529246062735 0.9870697243360035
0.05428424261912407 0.18307431523603518 0.09354627973978541 0.2980990347223668 0.9967969338127365 0.9670460466828352
0.03420509264802747 0.14727793933544922 0.07433623660363094 0.25209265894969624 0.9979669882741531 0.9769683016962651
0.06737824301552398 0.1857039275189015 0.10566697441883832 0.28515465649990723 0.9960783147170107 0.9634316104218353
0.03766980052673429 0.1722668875666504 0.07049562268597462 0.3189939020298634 0.9982215997268872 0.9584854663502493
0.06429367091268799 0.16680760379017157 0.10561261312724503 0.26243359095485147 0.9959853862822062 0.9725330314092407
0.055237691273226495 0.16769846468033672 0.09307291894710977 0.2996770993417534 0.9967523373144059 0.96968095468546
0.01865200345042508 0.1290348663961481 0.049539395285396116 0.19530096889674953 0.9991050283777954 0.9857671228938854
0.05338971287186517 0.16661405261700266 0.09393730489552814 0.3352378092138752 0.9966973677010935 0.9620245142539576
0.03047321737369552 0.12185573869227011 0.06060461831589861 0.20596499239314037 0.9986392671198598 0.9849303727207468
0.021179817167667456 0.15895084424405104 0.051016447427318916 0.3478159073450559 0.9990539412336934 0.9536094062669326
0.06901119233552754 0.153360103481432 0.11276116253492761 0.2666511374361347 0.9954154158430604 0.9721418031543829
0.0633227054800597 0.1448797679245065 0.11036579236844242 0.22939834115401395 0.9956194114714119 0.9786500052714462
0.01386272882834955 0.13810485709463252 0.03902734308886323 0.243336406884588 0.9994341988645429 0.9789881877872889
0.07655714605203387 0.1262832335881394 0.11954076773640378 0.19075815854034145 0.9946851998632448 0.9873919362222577
0.03550740308259949 0.19947614373916472 0.06641241463290624 0.39511795992699694 0.9983981686318105 0.940739429262386
0.020918384476765316 0.1425576744734192 0.05042505798216756 0.2646820097604806 0.9990558632657538 0.9747626542356169
